1E7A,1MJK,1TFT,2IXM,2SKE,3F4M,3I76,3I97,3K9G,3UCW,4BWY,4CVS,4I95,4JCQ,5DSQ,5K6W,5N07,5PCM,6FV2,6R8H,6SON,6TXG,6WEO,7K90
1.00000,0.37353,0.36933,0.30475,0.31310,0.36364,0.39671,0.29178,0.36860,0.44841,0.32338,0.41426,0.34668,0.34267,0.28403,0.23328,0.42646,0.45632,0.34825,0.29506,0.31452,0.30282,0.32355,0.22993
0.37353,1.00000,0.31680,0.37260,0.38976,0.34070,0.34137,0.29573,0.31739,0.38548,0.33744,0.31566,0.28592,0.28197,0.28904,0.30910,0.29228,0.26218,0.30145,0.33428,0.32479,0.38484,0.28879,0.28827
0.36933,0.31680,1.00000,0.34002,0.39022,0.25946,0.31569,0.26782,0.25866,0.32384,0.30474,0.31079,0.28511,0.31267,0.27779,0.32383,0.27640,0.27181,0.34211,0.31012,0.35848,0.33328,0.26943,0.32492
0.30475,0.37260,0.34002,1.00000,0.36971,0.37951,0.31839,0.30865,0.34944,0.46135,0.31552,0.35240,0.30743,0.40387,0.29909,0.24928,0.34348,0.40471,0.26164,0.31521,0.34334,0.26633,0.28716,0.24052
0.31310,0.38976,0.39022,0.36971,1.00000,0.37076,0.44687,0.31704,0.56290,0.39304,0.34361,0.36998,0.39328,0.53294,0.28722,0.29151,0.44348,0.41377,0.32221,0.39566,0.39859,0.46539,0.35235,0.21813
0.36364,0.34070,0.25946,0.37951,0.37076,1.00000,0.35733,0.27745,0.30392,0.34354,0.35036,0.42280,0.30116,0.25750,0.32912,0.29875,0.34605,0.46200,0.28834,0.34829,0.43313,0.32916,0.26611,0.36726
0.39671,0.34137,0.31569,0.31839,0.44687,0.35733,1.00000,0.34335,0.31371,0.42177,0.25655,0.37349,0.28850,0.31509,0.23408,0.26628,0.32763,0.37976,0.28216,0.35679,0.32500,0.33319,0.26276,0.28453
0.29178,0.29573,0.26782,0.30865,0.31704,0.27745,0.34335,1.00000,0.31416,0.41982,0.29418,0.24270,0.30734,0.27607,0.33709,0.32702,0.28092,0.29834,0.33023,0.32054,0.22415,0.32062,0.36057,0.35454
0.36860,0.31739,0.25866,0.34944,0.56290,0.30392,0.31371,0.31416,1.00000,0.29834,0.43291,0.25035,0.28735,0.39920,0.25691,0.24995,0.30958,0.33133,0.30918,0.43407,0.27320,0.43246,0.30738,0.27707
0.44841,0.38548,0.32384,0.46135,0.39304,0.34354,0.42177,0.41982,0.29834,1.00000,0.43908,0.36122,0.29056,0.33838,0.37746,0.33385,0.42713,0.32903,0.33842,0.33310,0.35776,0.39900,0.31154,0.40662
0.32338,0.33744,0.30474,0.31552,0.34361,0.35036,0.25655,0.29418,0.43291,0.43908,1.00000,0.29874,0.39109,0.35304,0.26858,0.23687,0.33131,0.34908,0.31115,0.38139,0.29531,0.37081,0.28512,0.31052
0.41426,0.31566,0.31079,0.35240,0.36998,0.42280,0.37349,0.24270,0.25035,0.36122,0.29874,1.00000,0.25520,0.30576,0.29577,0.28711,0.32363,0.45260,0.25969,0.31789,0.81676,0.33947,0.26805,0.40263
0.34668,0.28592,0.28511,0.30743,0.39328,0.30116,0.28850,0.30734,0.28735,0.29056,0.39109,0.25520,1.00000,0.25918,0.32225,0.29991,0.25524,0.26611,0.33201,0.35577,0.24520,0.33809,0.25753,0.33700
0.34267,0.28197,0.31267,0.40387,0.53294,0.25750,0.31509,0.27607,0.39920,0.33838,0.35304,0.30576,0.25918,1.00000,0.27049,0.26584,0.25817,0.30739,0.29314,0.41758,0.28326,0.46263,0.27654,0.26990
0.28403,0.28904,0.27779,0.29909,0.28722,0.32912,0.23408,0.33709,0.25691,0.37746,0.26858,0.29577,0.32225,0.27049,1.00000,0.27230,0.28028,0.28231,0.26557,0.24868,0.26852,0.28052,0.23869,0.22954
0.23328,0.30910,0.32383,0.24928,0.29151,0.29875,0.26628,0.32702,0.24995,0.33385,0.23687,0.28711,0.29991,0.26584,0.27230,1.00000,0.30378,0.30155,0.28927,0.25179,0.29749,0.21888,0.41994,0.25847
0.42646,0.29228,0.27640,0.34348,0.44348,0.34605,0.32763,0.28092,0.30958,0.42713,0.33131,0.32363,0.25524,0.25817,0.28028,0.30378,1.00000,0.32600,0.31066,0.31148,0.40427,0.35263,0.28133,0.39241
0.45632,0.26218,0.27181,0.40471,0.41377,0.46200,0.37976,0.29834,0.33133,0.32903,0.34908,0.45260,0.26611,0.30739,0.28231,0.30155,0.32600,1.00000,0.31118,0.35719,0.38756,0.38719,0.27575,0.35500
0.34825,0.30145,0.34211,0.26164,0.32221,0.28834,0.28216,0.33023,0.30918,0.33842,0.31115,0.25969,0.33201,0.29314,0.26557,0.28927,0.31066,0.31118,1.00000,0.30141,0.27840,0.25752,0.30619,0.29331
0.29506,0.33428,0.31012,0.31521,0.39566,0.34829,0.35679,0.32054,0.43407,0.33310,0.38139,0.31789,0.35577,0.41758,0.24868,0.25179,0.31148,0.35719,0.30141,1.00000,0.30233,0.42231,0.29698,0.26591
0.31452,0.32479,0.35848,0.34334,0.39859,0.43313,0.32500,0.22415,0.27320,0.35776,0.29531,0.81676,0.24520,0.28326,0.26852,0.29749,0.40427,0.38756,0.27840,0.30233,1.00000,0.29545,0.26060,0.37878
0.30282,0.38484,0.36610,0.26633,0.46539,0.32916,0.33319,0.32062,0.43246,0.39900,0.37081,0.33947,0.33809,0.46263,0.28052,0.22450,0.35263,0.38719,0.25752,0.42231,0.29545,1.00000,0.26293,0.26792
0.32355,0.28879,0.26943,0.28716,0.35235,0.26611,0.26276,0.36057,0.30738,0.31154,0.28512,0.26805,0.25753,0.27654,0.23869,0.41994,0.28133,0.27575,0.30619,0.29698,0.26060,0.26293,1.00000,0.35323
0.22993,0.28827,0.32492,0.24052,0.21813,0.36726,0.28453,0.35454,0.27707,0.40662,0.31052,0.40263,0.33700,0.26990,0.22954,0.25847,0.39241,0.35500,0.29331,0.26591,0.37878,0.26792,0.35323,1.00000
