1IV4,1OKT,1RZ1,1UAL,1UWE,1XJ5,1Y1P,2ICS,2ZO1,3FDZ,3G5F,3GZA,3IMZ,3U7Y,3UK8,4CD8,4DB9,4NLE,5FLG,5S97,6AYA,6QZG,7B33,7CY1
1.00000,0.35023,0.30564,0.34333,0.29369,0.40436,0.36431,0.36288,0.28065,0.35525,0.35455,0.33815,0.33714,0.28905,0.33372,0.37661,0.27345,0.37416,0.32938,0.33522,0.28839,0.34986,0.33911,0.30410
0.35023,1.00000,0.26933,0.32081,0.26480,0.36550,0.38193,0.35571,0.28560,0.37286,0.32805,0.36252,0.32515,0.24293,0.28970,0.32871,0.34907,0.30799,0.25126,0.35509,0.28801,0.32421,0.32944,0.40431
0.30564,0.26933,1.00000,0.25207,0.31217,0.31621,0.28460,0.35237,0.40306,0.28260,0.37321,0.33211,0.30291,0.29659,0.31688,0.27603,0.25251,0.27360,0.26909,0.23914,0.27127,0.27316,0.32827,0.27266
0.34333,0.32081,0.25207,1.00000,0.28086,0.29057,0.32113,0.30851,0.26481,0.29828,0.28278,0.36807,0.30592,0.27880,0.26592,0.30860,0.27362,0.25917,0.24564,0.32500,0.29973,0.31644,0.26916,0.32840
0.29369,0.26480,0.31217,0.28086,1.00000,0.25583,0.32582,0.26015,0.28312,0.26029,0.33573,0.34530,0.31602,0.61432,0.24013,0.28736,0.25537,0.27646,0.25520,0.34075,0.27074,0.25585,0.29979,0.32120
0.40436,0.36550,0.31621,0.29057,0.25583,1.00000,0.45012,0.37516,0.29678,0.37533,0.26548,0.31124,0.45024,0.24734,0.32234,0.33515,0.36491,0.28528,0.28498,0.34623,0.27485,0.41423,0.29898,0.38594
0.36431,0.38193,0.28460,0.32113,0.32582,0.45012,1.00000,0.33489,0.39944,0.36311,0.26455,0.33146,0.33267,0.30657,0.35928,0.36256,0.34294,0.27381,0.31037,0.39644,0.33608,0.31432,0.30661,0.36089
0.36288,0.35571,0.31113,0.30851,0.26015,0.37516,0.33489,1.00000,0.31448,0.34913,0.25305,0.39039,0.32310,0.24707,0.35477,0.51930,0.39433,0.21754,0.25706,0.37884,0.31748,0.32105,0.30633,0.35903
0.28065,0.28560,0.40306,0.26481,0.28312,0.29678,0.39944,0.31448,1.00000,0.29919,0.30112,0.31350,0.28234,0.26286,0.29462,0.28169,0.28214,0.27194,0.24700,0.25844,0.26403,0.27891,0.25670,0.32285
0.35525,0.37286,0.28260,0.29828,0.26029,0.37533,0.36311,0.34913,0.29919,1.00000,0.33625,0.40383,0.33763,0.22417,0.28824,0.38526,0.29307,0.29148,0.25359,0.36669,0.30083,0.40646,0.30248,0.38022
0.35455,0.32805,0.37321,0.28278,0.33573,0.26548,0.26455,0.25305,0.30112,0.33625,1.00000,0.24833,0.27781,0.29451,0.30271,0.29618,0.27416,0.23935,0.33916,0.35744,0.28716,0.33805,0.25916,0.40780
0.33815,0.36252,0.33211,0.36807,0.34530,0.31124,0.33146,0.39039,0.31350,0.40383,0.24833,1.00000,0.28392,0.34722,0.36523,0.63368,0.36726,0.25343,0.23908,0.36229,0.37432,0.43413,0.29862,0.32276
0.33714,0.32515,0.30291,0.30592,0.31602,0.45024,0.33267,0.32310,0.28234,0.26703,0.27781,0.28392,1.00000,0.31947,0.32399,0.29573,0.30003,0.26933,0.28217,0.38365,0.32501,0.36159,0.30751,0.39342
0.28905,0.24293,0.29659,0.27880,0.61432,0.24734,0.30657,0.24707,0.26286,0.22417,0.29451,0.34722,0.31947,1.00000,0.20769,0.26095,0.23362,0.28816,0.24426,0.33309,0.28408,0.24389,0.25757,0.33540
0.33372,0.28970,0.31688,0.26592,0.24013,0.32234,0.35928,0.35477,0.29462,0.28824,0.30271,0.36523,0.32399,0.20769,1.00000,0.33066,0.24765,0.28916,0.29738,0.33441,0.23095,0.27377,0.25992,0.37552
0.37661,0.32871,0.27603,0.30860,0.28736,0.33515,0.36256,0.51930,0.28169,0.38526,0.29618,0.63368,0.29573,0.26095,0.33066,1.00000,0.38155,0.26891,0.27659,0.34725,0.27754,0.41139,0.28318,0.34740
0.27345,0.34907,0.25251,0.27362,0.25537,0.36491,0.34294,0.39433,0.28214,0.29307,0.27416,0.36726,0.30003,0.23362,0.24765,0.38155,1.00000,0.26892,0.25596,0.29769,0.31907,0.28570,0.32733,0.26459
0.37416,0.30799,0.27360,0.25917,0.27646,0.28528,0.27381,0.21754,0.27194,0.29148,0.23935,0.25343,0.26933,0.28816,0.28916,0.26891,0.26892,1.00000,0.25655,0.47828,0.33236,0.33915,0.29182,0.34791
0.32938,0.25126,0.26909,0.24564,0.25520,0.28498,0.31037,0.25706,0.24700,0.25420,0.33916,0.23908,0.28217,0.24426,0.29738,0.27659,0.25596,0.25655,1.00000,0.31837,0.20003,0.28187,0.27072,0.40724
0.33522,0.35509,0.23914,0.32500,0.34075,0.34623,0.39644,0.37884,0.25844,0.36669,0.35744,0.36229,0.38365,0.33309,0.33441,0.34725,0.29769,0.47828,0.31837,1.00000,0.36456,0.39846,0.30793,0.34076
0.28839,0.28801,0.27127,0.29973,0.27074,0.27485,0.33608,0.31748,0.26403,0.30083,0.28717,0.37432,0.32501,0.28408,0.23095,0.27754,0.31907,0.33236,0.20003,0.36456,1.00000,0.25727,0.34873,0.29984
0.34986,0.32421,0.27316,0.31644,0.25585,0.41423,0.31432,0.32105,0.27891,0.40646,0.33805,0.43413,0.36159,0.24389,0.27377,0.41139,0.28570,0.33915,0.28187,0.39846,0.25727,1.00000,0.28879,0.35055
0.33911,0.32944,0.32827,0.26916,0.29979,0.29898,0.30661,0.30633,0.25670,0.30248,0.25916,0.29862,0.30751,0.25757,0.25992,0.28318,0.32733,0.29182,0.27072,0.30793,0.34873,0.28879,1.00000,0.40172
0.30410,0.40431,0.27266,0.32840,0.32120,0.38594,0.36089,0.35903,0.32285,0.38022,0.40780,0.32276,0.39342,0.33540,0.37552,0.34740,0.26459,0.34791,0.40724,0.34076,0.29984,0.35055,0.40172,1.00000
