{
 "cells": [
  {
   "cell_type": "markdown",
   "id": "5bf511b3",
   "metadata": {},
   "source": [
    "# Imports"
   ]
  },
  {
   "cell_type": "code",
   "execution_count": 1,
   "id": "3d63c4ce",
   "metadata": {
    "ExecuteTime": {
     "end_time": "2021-10-13T16:35:18.975163Z",
     "start_time": "2021-10-13T16:35:18.496532Z"
    }
   },
   "outputs": [],
   "source": [
    "import numpy as np"
   ]
  },
  {
   "cell_type": "markdown",
   "id": "9021e0e8",
   "metadata": {},
   "source": [
    "# Load in tmalign scores"
   ]
  },
  {
   "cell_type": "code",
   "execution_count": 3,
   "id": "8b011fe4",
   "metadata": {
    "ExecuteTime": {
     "end_time": "2021-10-13T16:35:57.069780Z",
     "start_time": "2021-10-13T16:35:57.063847Z"
    }
   },
   "outputs": [],
   "source": [
    "m = np.loadtxt('final_val.txt')"
   ]
  },
  {
   "cell_type": "code",
   "execution_count": 4,
   "id": "acd8afea",
   "metadata": {
    "ExecuteTime": {
     "end_time": "2021-10-13T16:36:05.653785Z",
     "start_time": "2021-10-13T16:36:05.637611Z"
    },
    "collapsed": true
   },
   "outputs": [
    {
     "data": {
      "text/plain": [
       "array([[1.     , 0.99929, 0.27139, 0.33176, 0.33031, 0.28012, 0.28419,\n",
       "        0.31319, 0.32193, 0.2669 , 0.32958, 0.32912, 0.37645, 0.29963,\n",
       "        0.35702, 0.3636 ],\n",
       "       [0.99929, 1.     , 0.27385, 0.33126, 0.33172, 0.28114, 0.29481,\n",
       "        0.3118 , 0.32354, 0.27103, 0.32233, 0.32219, 0.3757 , 0.30464,\n",
       "        0.35581, 0.36542],\n",
       "       [0.27139, 0.27385, 1.     , 0.35916, 0.33096, 0.29082, 0.54596,\n",
       "        0.27969, 0.43428, 0.90676, 0.33771, 0.33766, 0.44132, 0.51907,\n",
       "        0.43929, 0.45317],\n",
       "       [0.33176, 0.33126, 0.35916, 1.     , 0.38148, 0.27507, 0.25972,\n",
       "        0.29013, 0.29605, 0.34225, 0.38915, 0.38855, 0.30538, 0.33695,\n",
       "        0.25325, 0.39834],\n",
       "       [0.33031, 0.33172, 0.33096, 0.38148, 1.     , 0.29529, 0.33152,\n",
       "        0.2858 , 0.36264, 0.34904, 0.9949 , 0.99383, 0.42322, 0.31922,\n",
       "        0.39876, 0.39434],\n",
       "       [0.28012, 0.28114, 0.29082, 0.27507, 0.29529, 1.     , 0.25249,\n",
       "        0.30221, 0.27314, 0.26666, 0.29239, 0.2939 , 0.28468, 0.24442,\n",
       "        0.2927 , 0.31683],\n",
       "       [0.28419, 0.29481, 0.54596, 0.25972, 0.33152, 0.25249, 1.     ,\n",
       "        0.26311, 0.31412, 0.52411, 0.32925, 0.32987, 0.35823, 0.35769,\n",
       "        0.35597, 0.33401],\n",
       "       [0.31319, 0.3118 , 0.27969, 0.29013, 0.2858 , 0.30221, 0.26311,\n",
       "        1.     , 0.30556, 0.26256, 0.27516, 0.2766 , 0.31715, 0.32028,\n",
       "        0.30203, 0.31414],\n",
       "       [0.32193, 0.32354, 0.43428, 0.29605, 0.36264, 0.27314, 0.31412,\n",
       "        0.30556, 1.     , 0.43382, 0.36521, 0.36387, 0.27495, 0.27353,\n",
       "        0.32141, 0.29549],\n",
       "       [0.2669 , 0.27103, 0.90676, 0.34225, 0.34904, 0.26666, 0.52411,\n",
       "        0.26256, 0.43382, 1.     , 0.35452, 0.36353, 0.46566, 0.52387,\n",
       "        0.42263, 0.37778],\n",
       "       [0.32958, 0.32233, 0.33771, 0.38915, 0.9949 , 0.29239, 0.32925,\n",
       "        0.27516, 0.36521, 0.35452, 1.     , 0.99905, 0.42373, 0.32332,\n",
       "        0.3982 , 0.39285],\n",
       "       [0.32912, 0.32219, 0.33766, 0.38855, 0.99383, 0.2939 , 0.32987,\n",
       "        0.2766 , 0.36387, 0.36353, 0.99905, 1.     , 0.42475, 0.32299,\n",
       "        0.39773, 0.39513],\n",
       "       [0.37645, 0.3757 , 0.44132, 0.30538, 0.42322, 0.28468, 0.35823,\n",
       "        0.31715, 0.27495, 0.46566, 0.42373, 0.42475, 1.     , 0.26402,\n",
       "        0.89028, 0.31716],\n",
       "       [0.29963, 0.30464, 0.51907, 0.33695, 0.31922, 0.24442, 0.35769,\n",
       "        0.32028, 0.27353, 0.52387, 0.32332, 0.32299, 0.26402, 1.     ,\n",
       "        0.38041, 0.32119],\n",
       "       [0.35702, 0.35581, 0.43929, 0.25325, 0.39876, 0.2927 , 0.35597,\n",
       "        0.30203, 0.32141, 0.42263, 0.3982 , 0.39773, 0.89028, 0.38041,\n",
       "        1.     , 0.3951 ],\n",
       "       [0.3636 , 0.36542, 0.45317, 0.39834, 0.39434, 0.31683, 0.33401,\n",
       "        0.31414, 0.29549, 0.37778, 0.39285, 0.39513, 0.31716, 0.32119,\n",
       "        0.3951 , 1.     ]])"
      ]
     },
     "execution_count": 4,
     "metadata": {},
     "output_type": "execute_result"
    }
   ],
   "source": [
    "m.reshape(16,16)"
   ]
  },
  {
   "cell_type": "code",
   "execution_count": null,
   "id": "02ba6385",
   "metadata": {},
   "outputs": [],
   "source": []
  }
 ],
 "metadata": {
  "kernelspec": {
   "display_name": "Python 3",
   "language": "python",
   "name": "python3"
  },
  "language_info": {
   "codemirror_mode": {
    "name": "ipython",
    "version": 3
   },
   "file_extension": ".py",
   "mimetype": "text/x-python",
   "name": "python",
   "nbconvert_exporter": "python",
   "pygments_lexer": "ipython3",
   "version": "3.8.8"
  },
  "toc": {
   "base_numbering": 1,
   "nav_menu": {},
   "number_sections": true,
   "sideBar": true,
   "skip_h1_title": false,
   "title_cell": "Table of Contents",
   "title_sidebar": "Contents",
   "toc_cell": false,
   "toc_position": {},
   "toc_section_display": true,
   "toc_window_display": false
  }
 },
 "nbformat": 4,
 "nbformat_minor": 5
}
